0.05
0.1
0.15
0.2
0.25
0.3
0.35
0.4
0.45
0.5
0.55
0.6
0.65
0.7
0.75
0.8
0.85
0.85
Condition number 107340721.350532 error 0.000000 
0.05
0.1
0.15
0.2
0.25
0.3
0.35
0.4
0.45
0.5
0.55
0.6
0.65
0.7
0.7
Condition number 101604108.087869 error 0.000000 
0.05
0.1
0.15
0.2
0.25
0.3
0.35
0.4
0.45
0.5
0.55
0.6
0.65
0.7
0.75
0.8
0.85
0.85
Condition number 107340721.094996 error 0.000000 
0.05
0.1
0.15
0.2
0.25
0.3
0.35
0.4
0.45
0.5
0.55
0.6
0.6
Condition number 102014912.746341 error 0.000000 
0.05
0.1
0.15
0.2
0.25
0.3
0.35
0.4
0.45
0.5
0.55
0.6
0.6
Condition number 102014912.837890 error 0.000000 
0.05
0.1
0.15
0.2
0.25
0.3
0.35
0.4
0.45
0.5
0.55
0.6
0.65
0.7
0.75
0.8
0.85
0.85
Condition number 107340721.428531 error 0.000000 
0.05
0.1
0.15
0.2
0.25
0.3
0.35
0.4
0.45
0.5
0.55
0.6
0.6
Condition number 102014912.739259 error 0.000000 
0.05
0.1
0.15
0.2
0.25
0.3
0.35
0.4
0.45
0.5
0.55
0.6
0.65
0.7
0.75
0.8
0.85
0.85
Condition number 107340721.249618 error 0.000000 
center_plot_10.csv
center_plot_11.csv
center_plot_12.csv
center_plot_21.csv
center_plot_01.csv
center_plot_00.csv
center_plot_20.csv
center_plot_02.csv
center_plot_22.csv
18
19
20
21
22
23
24
25
26
27
28
29
54
55
56
57
58
59
60
61
62
63
64
65
127
128
129
130
131
132
133
134
135
136
137
138
163
164
165
166
167
168
169
170
171
172
173
174
18
19
20
21
22
23
24
25
26
27
28
29
54
55
56
57
58
59
60
61
62
63
64
65
127
128
129
130
131
132
133
134
135
136
137
138
163
164
165
166
167
168
169
170
171
172
173
174
18
19
20
21
22
23
24
25
26
27
28
29
54
55
56
57
58
59
60
61
62
63
64
65
127
128
129
130
131
132
133
134
135
136
137
138
163
164
165
166
167
168
169
170
171
172
173
174
18
19
20
21
22
23
24
25
26
27
28
29
54
55
56
57
58
59
60
61
62
63
64
65
127
128
129
130
131
132
133
134
135
136
137
138
163
164
165
166
167
168
169
170
171
172
173
174
18
19
20
21
22
23
24
25
26
27
28
29
54
55
56
57
58
59
60
61
62
63
64
65
127
128
129
130
131
132
133
134
135
136
137
138
163
164
165
166
167
168
169
170
171
172
173
174
18
19
20
21
22
23
24
25
26
27
28
29
54
55
56
57
58
59
60
61
62
63
64
65
127
128
129
130
131
132
133
134
135
136
137
138
163
164
165
166
167
168
169
170
171
172
173
174
18
19
20
21
22
23
24
25
26
27
28
29
54
55
56
57
58
59
60
61
62
63
64
65
127
128
129
130
131
132
133
134
135
136
137
138
163
164
165
166
167
168
169
170
171
172
173
174
18
19
20
21
22
23
24
25
26
27
28
29
54
55
56
57
58
59
60
61
62
63
64
65
127
128
129
130
131
132
133
134
135
136
137
138
163
164
165
166
167
168
169
170
171
172
173
174
18
19
20
21
22
23
24
25
26
27
28
29
54
55
56
57
58
59
60
61
62
63
64
65
127
128
129
130
131
132
133
134
135
136
137
138
163
164
165
166
167
168
169
170
171
172
173
174
18
19
20
21
22
23
24
25
26
27
28
29
54
55
56
57
58
59
60
61
62
63
64
65
127
128
129
130
131
132
133
134
135
136
137
138
163
164
165
166
167
168
169
170
171
172
173
174
18
19
20
21
22
23
24
25
26
27
28
29
54
55
56
57
58
59
60
61
62
63
64
65
127
128
129
130
131
132
133
134
135
136
137
138
163
164
165
166
167
168
169
170
171
172
173
174
18
19
20
21
22
23
24
25
26
27
28
29
54
55
56
57
58
59
60
61
62
63
64
65
127
128
129
130
131
132
133
134
135
136
137
138
163
164
165
166
167
168
169
170
171
172
173
174
18
19
20
21
22
23
24
25
26
27
28
29
54
55
56
57
58
59
60
61
62
63
64
65
127
128
129
130
131
132
133
134
135
136
137
138
163
164
165
166
167
168
169
170
171
172
173
174
18
19
20
21
22
23
24
25
26
27
28
29
54
55
56
57
58
59
60
61
62
63
64
65
127
128
129
130
131
132
133
134
135
136
137
138
163
164
165
166
167
168
169
170
171
172
173
174
18
19
20
21
22
23
24
25
26
27
28
29
54
55
56
57
58
59
60
61
62
63
64
65
127
128
129
130
131
132
133
134
135
136
137
138
163
164
165
166
167
168
169
170
171
172
173
174
18
19
20
21
22
23
24
25
26
27
28
29
54
55
56
57
58
59
60
61
62
63
64
65
127
128
129
130
131
132
133
134
135
136
137
138
163
164
165
166
167
168
169
170
171
172
173
174
18
19
20
21
22
23
24
25
26
27
28
29
54
55
56
57
58
59
60
61
62
63
64
65
127
128
129
130
131
132
133
134
135
136
137
138
163
164
165
166
167
168
169
170
171
172
173
174
18
19
20
21
22
23
24
25
26
27
28
29
54
55
56
57
58
59
60
61
62
63
64
65
127
128
129
130
131
132
133
134
135
136
137
138
163
164
165
166
167
168
169
170
171
172
173
174
18
19
20
21
22
23
24
25
26
27
28
29
54
55
56
57
58
59
60
61
62
63
64
65
127
128
129
130
131
132
133
134
135
136
137
138
163
164
165
166
167
168
169
170
171
172
173
174
18
19
20
21
22
23
24
25
26
27
28
29
54
55
56
57
58
59
60
61
62
63
64
65
127
128
129
130
131
132
133
134
135
136
137
138
163
164
165
166
167
168
169
170
171
172
173
174
18
19
20
21
22
23
24
25
26
27
28
29
54
55
56
57
58
59
60
61
62
63
64
65
127
128
129
130
131
132
133
134
135
136
137
138
163
164
165
166
167
168
169
170
171
172
173
174
18
19
20
21
22
23
24
25
26
27
28
29
54
55
56
57
58
59
60
61
62
63
64
65
127
128
129
130
131
132
133
134
135
136
137
138
163
164
165
166
167
168
169
170
171
172
173
174
18
19
20
21
22
23
24
25
26
27
28
29
54
55
56
57
58
59
60
61
62
63
64
65
127
128
129
130
131
132
133
134
135
136
137
138
163
164
165
166
167
168
169
170
171
172
173
174
18
19
20
21
22
23
24
25
26
27
28
29
54
55
56
57
58
59
60
61
62
63
64
65
127
128
129
130
131
132
133
134
135
136
137
138
163
164
165
166
167
168
169
170
171
172
173
174
18
19
20
21
22
23
24
25
26
27
28
29
54
55
56
57
58
59
60
61
62
63
64
65
127
128
129
130
131
132
133
134
135
136
137
138
163
164
165
166
167
168
169
170
171
172
173
174
18
19
20
21
22
23
24
25
26
27
28
29
54
55
56
57
58
59
60
61
62
63
64
65
127
128
129
130
131
132
133
134
135
136
137
138
163
164
165
166
167
168
169
170
171
172
173
174
18
19
20
21
22
23
24
25
26
27
28
29
54
55
56
57
58
59
60
61
62
63
64
65
127
128
129
130
131
132
133
134
135
136
137
138
163
164
165
166
167
168
169
170
171
172
173
174
18
19
20
21
22
23
24
25
26
27
28
29
54
55
56
57
58
59
60
61
62
63
64
65
127
128
129
130
131
132
133
134
135
136
137
138
163
164
165
166
167
168
169
170
171
172
173
174
18
19
20
21
22
23
24
25
26
27
28
29
54
55
56
57
58
59
60
61
62
63
64
65
127
128
129
130
131
132
133
134
135
136
137
138
163
164
165
166
167
168
169
170
171
172
173
174
18
19
20
21
22
23
24
25
26
27
28
29
54
55
56
57
58
59
60
61
62
63
64
65
127
128
129
130
131
132
133
134
135
136
137
138
163
164
165
166
167
168
169
170
171
172
173
174
18
19
20
21
22
23
24
25
26
27
28
29
54
55
56
57
58
59
60
61
62
63
64
65
127
128
129
130
131
132
133
134
135
136
137
138
163
164
165
166
167
168
169
170
171
172
173
174
18
19
20
21
22
23
24
25
26
27
28
29
54
55
56
57
58
59
60
61
62
63
64
65
127
128
129
130
131
132
133
134
135
136
137
138
163
164
165
166
167
168
169
170
171
172
173
174
18
19
20
21
22
23
24
25
26
27
28
29
54
55
56
57
58
59
60
61
62
63
64
65
127
128
129
130
131
132
133
134
135
136
137
138
163
164
165
166
167
168
169
170
171
172
173
174
18
19
20
21
22
23
24
25
26
27
28
29
54
55
56
57
58
59
60
61
62
63
64
65
127
128
129
130
131
132
133
134
135
136
137
138
163
164
165
166
167
168
169
170
171
172
173
174
18
19
20
21
22
23
24
25
26
27
28
29
54
55
56
57
58
59
60
61
62
63
64
65
127
128
129
130
131
132
133
134
135
136
137
138
163
164
165
166
167
168
169
170
171
172
173
174
18
19
20
21
22
23
24
25
26
27
28
29
54
55
56
57
58
59
60
61
62
63
64
65
127
128
129
130
131
132
133
134
135
136
137
138
163
164
165
166
167
168
169
170
171
172
173
174
18
19
20
21
22
23
24
25
26
27
28
29
54
55
56
57
58
59
60
61
62
63
64
65
127
128
129
130
131
132
133
134
135
136
137
138
163
164
165
166
167
168
169
170
171
172
173
174
18
19
20
21
22
23
24
25
26
27
28
29
54
55
56
57
58
59
60
61
62
63
64
65
127
128
129
130
131
132
133
134
135
136
137
138
163
164
165
166
167
168
169
170
171
172
173
174
18
19
20
21
22
23
24
25
26
27
28
29
54
55
56
57
58
59
60
61
62
63
64
65
127
128
129
130
131
132
133
134
135
136
137
138
163
164
165
166
167
168
169
170
171
172
173
174
18
19
20
21
22
23
24
25
26
27
28
29
54
55
56
57
58
59
60
61
62
63
64
65
127
128
129
130
131
132
133
134
135
136
137
138
163
164
165
166
167
168
169
170
171
172
173
174
18
19
20
21
22
23
24
25
26
27
28
29
54
55
56
57
58
59
60
61
62
63
64
65
127
128
129
130
131
132
133
134
135
136
137
138
163
164
165
166
167
168
169
170
171
172
173
174
18
19
20
21
22
23
24
25
26
27
28
29
54
55
56
57
58
59
60
61
62
63
64
65
127
128
129
130
131
132
133
134
135
136
137
138
163
164
165
166
167
168
169
170
171
172
173
174
18
19
20
21
22
23
24
25
26
27
28
29
54
55
56
57
58
59
60
61
62
63
64
65
127
128
129
130
131
132
133
134
135
136
137
138
163
164
165
166
167
168
169
170
171
172
173
174
18
19
20
21
22
23
24
25
26
27
28
29
54
55
56
57
58
59
60
61
62
63
64
65
127
128
129
130
131
132
133
134
135
136
137
138
163
164
165
166
167
168
169
170
171
172
173
174
18
19
20
21
22
23
24
25
26
27
28
29
54
55
56
57
58
59
60
61
62
63
64
65
127
128
129
130
131
132
133
134
135
136
137
138
163
164
165
166
167
168
169
170
171
172
173
174
18
19
20
21
22
23
24
25
26
27
28
29
54
55
56
57
58
59
60
61
62
63
64
65
127
128
129
130
131
132
133
134
135
136
137
138
163
164
165
166
167
168
169
170
171
172
173
174
18
19
20
21
22
23
24
25
26
27
28
29
54
55
56
57
58
59
60
61
62
63
64
65
127
128
129
130
131
132
133
134
135
136
137
138
163
164
165
166
167
168
169
170
171
172
173
174
18
19
20
21
22
23
24
25
26
27
28
29
54
55
56
57
58
59
60
61
62
63
64
65
127
128
129
130
131
132
133
134
135
136
137
138
163
164
165
166
167
168
169
170
171
172
173
174
18
19
20
21
22
23
24
25
26
27
28
29
54
55
56
57
58
59
60
61
62
63
64
65
127
128
129
130
131
132
133
134
135
136
137
138
163
164
165
166
167
168
169
170
171
172
173
174
72
72
72
72
72
72
72
72
72
72
72
72
72
72
72
72
72
72
72
72
72
72
72
72
72
72
72
72
72
72
72
72
72
72
72
72
72
72
72
72
72
72
72
72
72
72
72
72
73
73
73
73
73
73
73
73
73
73
73
73
73
73
73
73
73
73
73
73
73
73
73
73
73
73
73
73
73
73
73
73
73
73
73
73
73
73
73
73
73
73
73
73
73
73
73
73
74
74
74
74
74
74
74
74
74
74
74
74
74
74
74
74
74
74
74
74
74
74
74
74
74
74
74
74
74
74
74
74
74
74
74
74
74
74
74
74
74
74
74
74
74
74
74
74
75
75
75
75
75
75
75
75
75
75
75
75
75
75
75
75
75
75
75
75
75
75
75
75
75
75
75
75
75
75
75
75
75
75
75
75
75
75
75
75
75
75
75
75
75
75
75
75
76
76
76
76
76
76
76
76
76
76
76
76
76
76
76
76
76
76
76
76
76
76
76
76
76
76
76
76
76
76
76
76
76
76
76
76
76
76
76
76
76
76
76
76
76
76
76
76
77
77
77
77
77
77
77
77
77
77
77
77
77
77
77
77
77
77
77
77
77
77
77
77
77
77
77
77
77
77
77
77
77
77
77
77
77
77
77
77
77
77
77
77
77
77
77
77
78
78
78
78
78
78
78
78
78
78
78
78
78
78
78
78
78
78
78
78
78
78
78
78
78
78
78
78
78
78
78
78
78
78
78
78
78
78
78
78
78
78
78
78
78
78
78
78
79
79
79
79
79
79
79
79
79
79
79
79
79
79
79
79
79
79
79
79
79
79
79
79
79
79
79
79
79
79
79
79
79
79
79
79
79
79
79
79
79
79
79
79
79
79
79
79
80
80
80
80
80
80
80
80
80
80
80
80
80
80
80
80
80
80
80
80
80
80
80
80
80
80
80
80
80
80
80
80
80
80
80
80
80
80
80
80
80
80
80
80
80
80
80
80
81
81
81
81
81
81
81
81
81
81
81
81
81
81
81
81
81
81
81
81
81
81
81
81
81
81
81
81
81
81
81
81
81
81
81
81
81
81
81
81
81
81
81
81
81
81
81
81
82
82
82
82
82
82
82
82
82
82
82
82
82
82
82
82
82
82
82
82
82
82
82
82
82
82
82
82
82
82
82
82
82
82
82
82
82
82
82
82
82
82
82
82
82
82
82
82
83
83
83
83
83
83
83
83
83
83
83
83
83
83
83
83
83
83
83
83
83
83
83
83
83
83
83
83
83
83
83
83
83
83
83
83
83
83
83
83
83
83
83
83
83
83
83
83
84
84
84
84
84
84
84
84
84
84
84
84
84
84
84
84
84
84
84
84
84
84
84
84
84
84
84
84
84
84
84
84
84
84
84
84
84
84
84
84
84
84
84
84
84
84
84
84
85
85
85
85
85
85
85
85
85
85
85
85
85
85
85
85
85
85
85
85
85
85
85
85
85
85
85
85
85
85
85
85
85
85
85
85
85
85
85
85
85
85
85
85
85
85
85
85
86
86
86
86
86
86
86
86
86
86
86
86
86
86
86
86
86
86
86
86
86
86
86
86
86
86
86
86
86
86
86
86
86
86
86
86
86
86
86
86
86
86
86
86
86
86
86
86
87
87
87
87
87
87
87
87
87
87
87
87
87
87
87
87
87
87
87
87
87
87
87
87
87
87
87
87
87
87
87
87
87
87
87
87
87
87
87
87
87
87
87
87
87
87
87
87
88
88
88
88
88
88
88
88
88
88
88
88
88
88
88
88
88
88
88
88
88
88
88
88
88
88
88
88
88
88
88
88
88
88
88
88
88
88
88
88
88
88
88
88
88
88
88
88
89
89
89
89
89
89
89
89
89
89
89
89
89
89
89
89
89
89
89
89
89
89
89
89
89
89
89
89
89
89
89
89
89
89
89
89
89
89
89
89
89
89
89
89
89
89
89
89
90
90
90
90
90
90
90
90
90
90
90
90
90
90
90
90
90
90
90
90
90
90
90
90
90
90
90
90
90
90
90
90
90
90
90
90
90
90
90
90
90
90
90
90
90
90
90
90
91
91
91
91
91
91
91
91
91
91
91
91
91
91
91
91
91
91
91
91
91
91
91
91
91
91
91
91
91
91
91
91
91
91
91
91
91
91
91
91
91
91
91
91
91
91
91
91
92
92
92
92
92
92
92
92
92
92
92
92
92
92
92
92
92
92
92
92
92
92
92
92
92
92
92
92
92
92
92
92
92
92
92
92
92
92
92
92
92
92
92
92
92
92
92
92
93
93
93
93
93
93
93
93
93
93
93
93
93
93
93
93
93
93
93
93
93
93
93
93
93
93
93
93
93
93
93
93
93
93
93
93
93
93
93
93
93
93
93
93
93
93
93
93
94
94
94
94
94
94
94
94
94
94
94
94
94
94
94
94
94
94
94
94
94
94
94
94
94
94
94
94
94
94
94
94
94
94
94
94
94
94
94
94
94
94
94
94
94
94
94
94
95
95
95
95
95
95
95
95
95
95
95
95
95
95
95
95
95
95
95
95
95
95
95
95
95
95
95
95
95
95
95
95
95
95
95
95
95
95
95
95
95
95
95
95
95
95
95
95
96
96
96
96
96
96
96
96
96
96
96
96
96
96
96
96
96
96
96
96
96
96
96
96
96
96
96
96
96
96
96
96
96
96
96
96
96
96
96
96
96
96
96
96
96
96
96
96
97
97
97
97
97
97
97
97
97
97
97
97
97
97
97
97
97
97
97
97
97
97
97
97
97
97
97
97
97
97
97
97
97
97
97
97
97
97
97
97
97
97
97
97
97
97
97
97
98
98
98
98
98
98
98
98
98
98
98
98
98
98
98
98
98
98
98
98
98
98
98
98
98
98
98
98
98
98
98
98
98
98
98
98
98
98
98
98
98
98
98
98
98
98
98
98
99
99
99
99
99
99
99
99
99
99
99
99
99
99
99
99
99
99
99
99
99
99
99
99
99
99
99
99
99
99
99
99
99
99
99
99
99
99
99
99
99
99
99
99
99
99
99
99
100
100
100
100
100
100
100
100
100
100
100
100
100
100
100
100
100
100
100
100
100
100
100
100
100
100
100
100
100
100
100
100
100
100
100
100
100
100
100
100
100
100
100
100
100
100
100
100
101
101
101
101
101
101
101
101
101
101
101
101
101
101
101
101
101
101
101
101
101
101
101
101
101
101
101
101
101
101
101
101
101
101
101
101
101
101
101
101
101
101
101
101
101
101
101
101
102
102
102
102
102
102
102
102
102
102
102
102
102
102
102
102
102
102
102
102
102
102
102
102
102
102
102
102
102
102
102
102
102
102
102
102
102
102
102
102
102
102
102
102
102
102
102
102
103
103
103
103
103
103
103
103
103
103
103
103
103
103
103
103
103
103
103
103
103
103
103
103
103
103
103
103
103
103
103
103
103
103
103
103
103
103
103
103
103
103
103
103
103
103
103
103
104
104
104
104
104
104
104
104
104
104
104
104
104
104
104
104
104
104
104
104
104
104
104
104
104
104
104
104
104
104
104
104
104
104
104
104
104
104
104
104
104
104
104
104
104
104
104
104
105
105
105
105
105
105
105
105
105
105
105
105
105
105
105
105
105
105
105
105
105
105
105
105
105
105
105
105
105
105
105
105
105
105
105
105
105
105
105
105
105
105
105
105
105
105
105
105
106
106
106
106
106
106
106
106
106
106
106
106
106
106
106
106
106
106
106
106
106
106
106
106
106
106
106
106
106
106
106
106
106
106
106
106
106
106
106
106
106
106
106
106
106
106
106
106
107
107
107
107
107
107
107
107
107
107
107
107
107
107
107
107
107
107
107
107
107
107
107
107
107
107
107
107
107
107
107
107
107
107
107
107
107
107
107
107
107
107
107
107
107
107
107
107
108
108
108
108
108
108
108
108
108
108
108
108
108
108
108
108
108
108
108
108
108
108
108
108
108
108
108
108
108
108
108
108
108
108
108
108
108
108
108
108
108
108
108
108
108
108
108
108
109
109
109
109
109
109
109
109
109
109
109
109
109
109
109
109
109
109
109
109
109
109
109
109
109
109
109
109
109
109
109
109
109
109
109
109
109
109
109
109
109
109
109
109
109
109
109
109
110
110
110
110
110
110
110
110
110
110
110
110
110
110
110
110
110
110
110
110
110
110
110
110
110
110
110
110
110
110
110
110
110
110
110
110
110
110
110
110
110
110
110
110
110
110
110
110
111
111
111
111
111
111
111
111
111
111
111
111
111
111
111
111
111
111
111
111
111
111
111
111
111
111
111
111
111
111
111
111
111
111
111
111
111
111
111
111
111
111
111
111
111
111
111
111
112
112
112
112
112
112
112
112
112
112
112
112
112
112
112
112
112
112
112
112
112
112
112
112
112
112
112
112
112
112
112
112
112
112
112
112
112
112
112
112
112
112
112
112
112
112
112
112
113
113
113
113
113
113
113
113
113
113
113
113
113
113
113
113
113
113
113
113
113
113
113
113
113
113
113
113
113
113
113
113
113
113
113
113
113
113
113
113
113
113
113
113
113
113
113
113
114
114
114
114
114
114
114
114
114
114
114
114
114
114
114
114
114
114
114
114
114
114
114
114
114
114
114
114
114
114
114
114
114
114
114
114
114
114
114
114
114
114
114
114
114
114
114
114
115
115
115
115
115
115
115
115
115
115
115
115
115
115
115
115
115
115
115
115
115
115
115
115
115
115
115
115
115
115
115
115
115
115
115
115
115
115
115
115
115
115
115
115
115
115
115
115
116
116
116
116
116
116
116
116
116
116
116
116
116
116
116
116
116
116
116
116
116
116
116
116
116
116
116
116
116
116
116
116
116
116
116
116
116
116
116
116
116
116
116
116
116
116
116
116
117
117
117
117
117
117
117
117
117
117
117
117
117
117
117
117
117
117
117
117
117
117
117
117
117
117
117
117
117
117
117
117
117
117
117
117
117
117
117
117
117
117
117
117
117
117
117
117
118
118
118
118
118
118
118
118
118
118
118
118
118
118
118
118
118
118
118
118
118
118
118
118
118
118
118
118
118
118
118
118
118
118
118
118
118
118
118
118
118
118
118
118
118
118
118
118
119
119
119
119
119
119
119
119
119
119
119
119
119
119
119
119
119
119
119
119
119
119
119
119
119
119
119
119
119
119
119
119
119
119
119
119
119
119
119
119
119
119
119
119
119
119
119
119
120
120
120
120
120
120
120
120
120
120
120
120
120
120
120
120
120
120
120
120
120
120
120
120
120
120
120
120
120
120
120
120
120
120
120
120
120
120
120
120
120
120
120
120
120
120
120
120
-0.00353757
-0.00233153
-0.00410596
-0.00595979
-0.00747054
-0.00834426
-0.00834426
-0.00747054
-0.00595979
-0.00410596
-0.00222961
-0.00250981
-0.00669095
-0.0123421
-0.0183021
-0.0203464
-0.0190686
-0.0160765
-0.0127379
-0.00958415
-0.00678266
-0.00433723
-0.00232287
-0.00344063
-0.00241286
-0.00222094
-0.00433723
-0.0067729
-0.00958977
-0.0127737
-0.0161194
-0.0190567
-0.0203817
-0.0183021
-0.0115536
-0.00056318
-2.7e-07
-0.0123777
-0.0239769
-0.0346435
-0.0435757
-0.0487545
-0.0487545
-0.0435757
-0.0346435
-0.0239769
-0.0131661
-0.00612804
0.00268818
-0.00195692
-0.00393211
-0.00576384
-0.00731405
-0.00829909
-0.00844761
-0.00768734
-0.0062135
-0.0043137
-0.00226096
0.00174432
0.00213677
-0.00881144
-0.0146263
-0.0171072
-0.0167381
-0.0145716
-0.0117941
-0.00899118
-0.00641397
-0.0041208
-0.00202613
0.00259337
0.00164405
-0.00235019
-0.00461205
-0.00722658
-0.0103125
-0.0139118
-0.0179289
-0.0219355
-0.0246342
-0.0235507
-0.0161963
-0.00569162
-0.00637702
-0.0182178
-0.0319478
-0.0433054
-0.0497633
-0.0502314
-0.0455635
-0.0374336
-0.0279527
-0.0186209
-0.00971978
0.00164133
-0.00338678
-0.00214656
-0.00380925
-0.00561886
-0.00721348
-0.00831099
-0.00861171
-0.00797067
-0.00653314
-0.00458779
-0.00251271
-0.00268231
-0.00505443
-0.00758255
-0.0120252
-0.0146175
-0.0148471
-0.01332
-0.0110096
-0.00850613
-0.00611838
-0.00394745
-0.00212702
-0.00329412
-0.00257889
-0.00251951
-0.00494933
-0.00778507
-0.0111911
-0.0152784
-0.0200991
-0.0254837
-0.0302435
-0.0313995
-0.0230337
-0.00105333
-0.00023186
-0.0257322
-0.0439091
-0.0539005
-0.0549438
-0.0496508
-0.0413326
-0.0319187
-0.0228813
-0.0148655
-0.00787542
-0.00462131
0.00262626
-0.00182627
-0.00371043
-0.00552078
-0.00716608
-0.00838027
-0.00884074
-0.00832896
-0.00693063
-0.00491422
-0.00261091
0.0018236
0.00225476
-0.00567472
-0.0100874
-0.0126818
-0.0133076
-0.0122786
-0.0103593
-0.00811286
-0.0058857
-0.0038171
-0.00188077
0.00253491
0.0017153
-0.00272957
-0.00537272
-0.00847257
-0.0122602
-0.0169198
-0.0226919
-0.029817
-0.0375981
-0.0432928
-0.0375094
-0.0152889
-0.0164449
-0.0438369
-0.0618403
-0.0652279
-0.0578208
-0.0471824
-0.0367522
-0.0272335
-0.019039
-0.0122044
-0.00618391
0.00186116
-0.00330589
-0.00204451
-0.0036544
-0.00546618
-0.00717058
-0.00850866
-0.00914063
-0.00877334
-0.00742072
-0.00533461
-0.00295438
-0.00294016
-0.00413343
-0.0052651
-0.00865466
-0.0111591
-0.0120495
-0.0114124
-0.00982319
-0.00779891
-0.005708
-0.00371947
-0.00201625
-0.00321573
-0.00282738
-0.00298575
-0.00589439
-0.00932137
-0.0135645
-0.0188903
-0.0257648
-0.0349964
-0.0469619
-0.061417
-0.0659166
-0.00354322
-0.00200049
-0.0776048
-0.0861137
-0.0741461
-0.057501
-0.0433982
-0.0323229
-0.0233671
-0.0161059
-0.0102255
-0.00536411
-0.00377682
0.00260249
-0.00176532
-0.00361784
-0.00545386
-0.00722709
-0.00869943
-0.00951938
-0.00931826
-0.00802409
-0.00584167
-0.00315839
0.00192938
0.00219818
-0.00404823
-0.00753315
-0.00994913
-0.0110179
-0.0106931
-0.00938532
-0.00755478
-0.00557981
-0.00365657
-0.00180808
0.00251294
0.00180949
-0.00332367
-0.00655361
-0.0103752
-0.0151614
-0.0212508
-0.0293508
-0.0409283
-0.0579976
-0.0864108
-0.135517
-0.139266
-0.143877
-0.158007
-0.109728
-0.0765882
-0.0540998
-0.0389847
-0.0283175
-0.0202198
-0.0138417
-0.00876033
-0.0043784
0.00186697
-0.00328684
-0.00201111
-0.00362065
-0.00548305
-0.00733715
-0.0089575
-0.00998743
-0.00998247
-0.00876712
-0.00649361
-0.00365164
-0.00332257
-0.00355822
-0.00397988
-0.00668083
-0.00897876
-0.0101698
-0.010098
-0.00903328
-0.00737335
-0.00549698
-0.0036215
-0.00197479
-0.00319763
-0.00319629
-0.00372609
-0.00738017
-0.0116936
-0.0171239
-0.024063
-0.0334255
-0.0472067
-0.0688934
-0.110359
-0.205514
-0.545188
-0.547185
-0.210053
-0.113753
-0.0711858
-0.0486488
-0.034508
-0.0248369
-0.0176697
-0.0120736
-0.00761745
-0.00399515
-0.00325091
0.00261562
-0.00176556
-0.00364221
-0.005555
-0.00750378
-0.00928969
-0.0105581
-0.0107901
-0.00968645
-0.00729866
-0.00404022
0.00206109
0.00210934
-0.00311197
-0.00598761
-0.00819552
-0.00947229
-0.00960914
-0.00875741
-0.0072495
-0.00545723
-0.00361763
-0.00179793
0.00252636
0.00192425
-0.00428604
-0.00844556
-0.0133588
-0.0195432
-0.0273764
-0.0378538
-0.0529665
-0.0759199
-0.113316
-0.166861
-0.222712
-0.216073
-0.144701
-0.0931785
-0.0608509
-0.0424236
-0.0303266
-0.0218813
-0.0156029
-0.0106772
-0.00674629
-0.00334863
0.00181924
-0.00332771
-0.00204198
-0.00370365
-0.00567146
-0.00773165
-0.00970504
-0.0112484
-0.0117722
-0.0108305
-0.0083484
-0.00480154
-0.00390428
-0.0031788
-0.00320617
-0.00545436
-0.00756003
-0.00889949
-0.00921242
-0.00855035
-0.0071798
-0.00545919
-0.00364072
-0.00199705
-0.00323796
-0.00375817
-0.00495964
-0.00982109
-0.0154848
-0.0225283
-0.031203
-0.0423285
-0.0569536
-0.0754944
-0.0926728
-0.092323
-0.0139497
-0.0155868
-0.0779434
-0.0670862
-0.0496021
-0.0363814
-0.0266128
-0.0194026
-0.0139233
-0.00956363
-0.00604144
-0.00318053
-0.00290489
0.00266682
-0.00182697
-0.00378667
-0.00583641
-0.00802735
-0.0102153
-0.0120795
-0.0129691
-0.012267
-0.00968922
-0.00554848
0.00220694
0.0020275
-0.00253658
-0.0050078
-0.00704378
-0.00843148
-0.00889672
-0.00840672
-0.00716236
-0.00550312
-0.00369528
-0.00184899
0.00257636
0.00204434
-0.00594923
-0.0116525
-0.0182312
-0.0261994
-0.0354743
-0.0463326
-0.0580234
-0.067848
-0.0673864
-0.0502366
-0.0177037
-0.0164675
-0.042892
-0.0471642
-0.0397481
-0.0310193
-0.0234133
-0.0173365
-0.012553
-0.00866813
-0.0054963
-0.00271884
0.00176554
-0.00343216
-0.00214124
-0.0039142
-0.00605463
-0.00839975
-0.0108353
-0.013078
-0.0144323
-0.0140879
-0.0114879
-0.00684895
-0.00484123
-0.00292368
-0.00271738
-0.00466595
-0.00662469
-0.00805283
-0.00865349
-0.00832289
-0.00719672
-0.00559011
-0.00377963
-0.00208598
-0.00334035
-0.00466459
-0.0071908
-0.0141181
-0.0218194
-0.030664
-0.0399818
-0.0491932
-0.0558419
-0.0567505
-0.0477626
-0.0301207
-0.00247381
-0.00332919
-0.0268312
-0.0339132
-0.0319038
-0.0264906
-0.0207052
-0.0156183
-0.011431
-0.00794378
-0.00504315
-0.0026695
-0.00267291
0.00275992
-0.00195809
-0.00407047
-0.00633371
-0.0088605
-0.0115841
-0.0142769
-0.0162279
-0.0164234
-0.0138925
-0.00839295
0.0023059
0.00196427
-0.00217056
-0.00437368
-0.00628684
-0.00775165
-0.00847636
-0.00829673
-0.00728379
-0.005723
-0.00389965
-0.00196831
0.00266669
0.00210116
-0.00913856
-0.0175552
-0.0265491
-0.0359616
-0.0443189
-0.0502815
-0.0511135
-0.0457922
-0.0344941
-0.0198821
-0.00603134
-0.00532064
-0.0176648
-0.0252245
-0.0258943
-0.0227635
-0.0184353
-0.0141901
-0.0105095
-0.00735552
-0.00469312
-0.00231847
0.00172183
-0.00361034
-0.00232282
-0.00428134
-0.0066829
-0.00942474
-0.0124854
-0.0157164
-0.0184393
-0.0194529
-0.0172624
-0.0109687
-0.00651549
-0.00275491
-0.00240328
-0.00415635
-0.00601751
-0.00751888
-0.00836077
-0.00832758
-0.00742596
-0.00590569
-0.00405671
-0.0022539
-0.00351476
-0.00628783
-0.011788
-0.0224416
-0.032797
-0.0419568
-0.0478768
-0.0493058
-0.0450876
-0.0366148
-0.0256765
-0.014073
-0.0010999
-0.00167839
-0.0130834
-0.019435
-0.0213378
-0.0197321
-0.0165413
-0.0130022
-0.00975159
-0.0068776
-0.00439702
-0.00234182
-0.00252012
0.00290218
-0.00217854
-0.00453459
-0.00711543
-0.0101121
-0.0135688
-0.0174451
-0.0211684
-0.0234267
-0.0220404
-0.0146654
0.00205821
0.00192274
-0.00193749
-0.00396869
-0.00580783
-0.00734778
-0.0083038
-0.0084162
-0.00762718
-0.00614425
-0.00425886
-0.00217354
0.00280436
0.00177441
-0.0163586
-0.0296438
-0.0409449
-0.0481835
-0.0499659
-0.0464877
-0.0388914
-0.0294577
-0.0197819
-0.0105124
-0.00302352
-0.00251585
-0.00955559
-0.0154293
-0.0178726
-0.0172757
-0.0149637
-0.012014
-0.00912858
-0.00649033
-0.00417356
-0.0020623
0.0016936
-0.00388137
-0.00261483
-0.00486115
-0.00764786
-0.0109477
-0.0148713
-0.0195193
-0.0245326
-0.0286752
-0.0291304
-0.0211006
-0.0101373
-0.00265165
-0.00220626
-0.00383944
-0.00565056
-0.00723355
-0.00830402
-0.00856479
-0.00789318
-0.00644645
-0.00451183
-0.00252636
-0.00377995
-0.00981141
-0.0235097
-0.0404376
-0.0511067
-0.053722
-0.0500808
-0.0424477
-0.0332113
-0.0240196
-0.0156828
-0.00821641
-0.00068427
-0.00112609
-0.00785887
-0.0126007
-0.0152137
-0.0152838
-0.0136501
-0.0111923
-0.00861823
-0.00617919
-0.00398361
-0.00213519
-0.00242747
0.00310569
-0.00252577
-0.00525492
-0.00830315
-0.0119642
-0.0164377
-0.0220007
-0.02865
-0.0355963
-0.0398192
-0.0327166
-0.00056678
0.00190373
-0.00179679
-0.00372914
-0.00554113
-0.00717304
-0.00836143
-0.0087771
-0.0082318
-0.00682323
-0.0048276
-0.0024987
0.00300098
-0.00104906
-0.0379626
-0.0567174
-0.0624644
-0.0573163
-0.0481712
-0.0378986
-0.0283275
-0.0199033
-0.012796
-0.00660242
-0.00182222
-0.00142153
-0.0060795
-0.0105191
-0.0131506
-0.0136636
-0.0125559
-0.0105105
-0.00820331
-0.00593293
-0.00384937
-0.00190516
0.00168304
-0.0042789
-0.00306974
-0.00575624
-0.00911095
-0.0132036
-0.0183221
-0.0249491
-0.0335997
-0.0445285
-0.0562093
-0.0566009
-0.0221997
-0.00260239
-0.00209537
-0.0036684
-0.00547582
-0.00716461
-0.00847745
-0.00905861
-0.00865344
-0.00728849
-0.00521907
-0.00295118
-0.00416894
-0.0216288
-0.0663393
-0.0796064
-0.0723784
-0.0578996
-0.0446842
-0.0333976
-0.0242707
-0.0167684
-0.0106638
-0.00550315
-0.00050722
-0.00086925
-0.00537267
-0.00897789
-0.0115315
-0.0123409
-0.0116448
-0.00994745
-0.00787053
-0.00574341
-0.00373765
-0.0020162
-0.00238448
0.00338994
-0.00307
-0.00637091
-0.0101122
-0.01472
-0.0205862
-0.0284061
-0.0393385
-0.0553592
-0.079679
-0.113297
-0.0483066
0.00190796
-0.00172697
-0.00362137
-0.00545306
-0.00720803
-0.00865498
-0.00941678
-0.00917167
-0.00786133
-0.00570596
-0.0030075
0.00327531
-0.0501988
-0.133917
-0.104838
-0.0767408
-0.0552644
-0.0403243
-0.0292713
-0.0209576
-0.0143554
-0.00909312
-0.00463712
-0.00122531
-0.00088957
-0.00430332
-0.0077864
-0.0102474
-0.0112571
-0.0108871
-0.00948631
-0.00760969
-0.00560435
-0.00367247
-0.00182296
0.0016917
-0.00486282
-0.00378727
-0.00715812
-0.0113615
-0.0165823
-0.0232958
-0.0323659
-0.0455622
-0.0666809
-0.105542
-0.196192
-0.493638
-0.00260201
-0.00205496
-0.00362011
-0.00547179
-0.00730448
-0.00889856
-0.00986137
-0.00980402
-0.00856645
-0.00631455
-0.00361872
-0.00474051
-0.498985
-0.209013
-0.115442
-0.0731655
-0.0502242
-0.0357483
-0.0256567
-0.01827
-0.0124767
-0.00787333
-0.00404727
-0.00041874
-0.00072965
-0.00401434
-0.00687595
-0.00921956
-0.0103666
-0.010259
-0.00911382
-0.00741314
-0.0055116
-0.00362447
-0.00196765
-0.00238659
0.00378691
-0.00394906
-0.00814946
-0.0129348
-0.0188775
-0.02651
-0.0367269
-0.0515479
-0.075039
-0.115286
-0.185275
-0.344812
0.00193668
-0.00171824
-0.0036312
-0.00553295
-0.00745659
-0.00921454
-0.010405
-0.0105732
-0.0094377
-0.00708077
-0.00382381
0.00365797
-0.337794
-0.166331
-0.0996803
-0.0636578
-0.0440665
-0.0314017
-0.0225732
-0.0160917
-0.0109968
-0.00694765
-0.00352696
-0.00088704
-0.00059388
-0.00328984
-0.00614533
-0.00839082
-0.00963409
-0.00974149
-0.00881968
-0.00727528
-0.0054622
-0.00361893
-0.00180422
0.00172118
-0.00574626
-0.00497005
-0.0094454
-0.0149361
-0.0217111
-0.0302577
-0.0412302
-0.0561358
-0.0763739
-0.0990255
-0.108199
-0.0179344
-0.00265001
-0.00207959
-0.00368832
-0.00563796
-0.00766861
-0.0096114
-0.0110635
-0.0115083
-0.0105201
-0.00805858
-0.00471042
-0.00560581
-0.0183746
-0.0906167
-0.0731948
-0.052338
-0.0378843
-0.0275118
-0.019981
-0.0143222
-0.00981943
-0.00619993
-0.00318987
-0.00037158
-0.00064798
-0.00320463
-0.00557774
-0.00771906
-0.00903218
-0.00931956
-0.00859598
-0.00719227
-0.00545482
-0.00362917
-0.00198292
-0.0024335
0.0043506
-0.00545817
-0.0111391
-0.0175111
-0.0252031
-0.0344967
-0.0454111
-0.0580801
-0.069983
-0.0733279
-0.0582037
-0.027437
0.00199252
-0.00176947
-0.00375988
-0.00579042
-0.00794663
-0.0101002
-0.0118572
-0.0126471
-0.0118759
-0.00932112
-0.00520885
0.00420057
-0.0268692
-0.0498107
-0.0514625
-0.0420271
-0.0323015
-0.0241514
-0.0178179
-0.0128797
-0.00887434
-0.00562414
-0.00285169
-0.00067756
-0.00041349
-0.0026699
-0.00510956
-0.00717318
-0.00853957
-0.00898138
-0.00843691
-0.00716187
-0.00548912
-0.00368184
-0.00184649
0.00177422
-0.00716512
-0.00707596
-0.0134314
-0.0208603
-0.0294698
-0.0390492
-0.0486231
-0.0567448
-0.059299
-0.0520265
-0.0337109
0.00290099
-0.00275068
-0.00217248
-0.00388186
-0.00599468
-0.00829888
-0.0106949
-0.012811
-0.0140382
-0.0135903
-0.010986
-0.00662931
-0.00699681
0.00255901
-0.0295315
-0.0367064
-0.0336797
-0.0275462
-0.0213066
-0.0160186
-0.0116993
-0.00811094
-0.00514476
-0.00265537
-0.00034757
-0.00060007
-0.00269614
-0.00474557
-0.00672974
-0.00813982
-0.00871778
-0.00833838
-0.00718325
-0.00556622
-0.00375238
-0.00206398
-0.00252941
0.00517587
-0.00831694
-0.0165775
-0.025257
-0.0345782
-0.0435319
-0.0501998
-0.0525607
-0.0481826
-0.0373121
-0.0220632
-0.0118218
0.00207976
-0.00188783
-0.00402443
-0.0062578
-0.00873627
-0.0114135
-0.0139563
-0.0157436
-0.0157825
-0.0132203
-0.0077859
0.00499313
-0.0115156
-0.0197587
-0.0270788
-0.027245
-0.0236182
-0.0189244
-0.0145228
-0.0107304
-0.00749133
-0.00477623
-0.00242325
-0.00053965
-0.00029575
-0.00227589
-0.00443989
-0.00637127
-0.00782022
-0.00852184
-0.00829792
-0.00725698
-0.00568833
-0.00386936
-0.00195564
0.00185483
-0.00969388
-0.0113147
-0.02105
-0.0310495
-0.0404518
-0.0473351
-0.0497399
-0.046719
-0.0386179
-0.0275595
-0.0151064
0.00334832
-0.00291377
-0.00234643
-0.00422719
-0.00658834
-0.009273
-0.0122781
-0.0153315
-0.0178422
-0.0186181
-0.0163066
-0.0104145
-0.009479
0.00311057
-0.0137974
-0.020675
-0.0223617
-0.0204202
-0.0169398
-0.013279
-0.00993351
-0.00698793
-0.0044626
-0.00231335
-0.00033851
-0.00057448
-0.00237001
-0.00420706
-0.00608442
-0.00757106
-0.00838853
-0.00831451
-0.00738507
-0.00585929
-0.00401039
-0.00222192
-0.00268365
0.00642573
-0.0146502
-0.0275596
-0.038618
-0.046719
-0.0497399
-0.0473351
-0.0404518
-0.0310495
-0.02105
-0.0113913
-0.00732178
0.00220551
-0.00209099
-0.0044626
-0.00699869
-0.00992742
-0.0133167
-0.0169829
-0.0204314
-0.0223281
-0.020675
-0.0133412
0.00618799
-0.00710689
-0.0104911
-0.0163066
-0.0186535
-0.0178299
-0.0152893
-0.0122443
-0.00927815
-0.00657948
-0.00422718
-0.00214849
-0.00044458
-0.00021446
-0.00202397
-0.00401039
-0.00585929
-0.00738507
-0.00831451
-0.00838853
-0.00757106
-0.00608442
-0.00420706
-0.00214765
0.00196954
-0.0151344
-0.0217282
-0.0373121
-0.0481826
-0.0525606
-0.0501998
-0.0435319
-0.0345782
-0.0252571
-0.0165775
-0.00858948
0.00296788
-0.00315701
-0.00262778
-0.00477623
-0.00750421
-0.0107232
-0.0145638
-0.0189651
-0.0236253
-0.0272223
-0.0270788
-0.0194237
-0.0148283
0.00278514
-0.00805843
-0.0132203
-0.0158156
-0.0157315
-0.013917
-0.0113837
-0.00874057
-0.00625054
-0.00402443
-0.00209681
-0.00034066
-0.00056559
-0.00216462
-0.00386936
-0.00568833
-0.00725698
-0.00829792
-0.00852184
-0.00782022
-0.00637127
-0.00443989
-0.00248042
-0.00291311
0.00818197
-0.0328694
-0.0520264
-0.0592989
-0.0567448
-0.0486231
-0.0390492
-0.0294698
-0.0208603
-0.0134314
-0.00706199
-0.00530491
0.00238081
-0.00241308
-0.00514476
-0.00812637
-0.011691
-0.0160616
-0.0213388
-0.0275445
-0.0336874
-0.0367064
-0.02869
0.00783998
-0.0051366
-0.00661534
-0.010986
-0.0136197
-0.014027
-0.0127754
-0.0106691
-0.00830242
-0.00598888
-0.00388186
-0.00197823
-0.00037706
-0.00015579
-0.00186972
-0.00375238
-0.00556622
-0.00718325
-0.00833838
-0.00871778
-0.00813982
-0.00672973
-0.00474557
-0.00245385
0.00212831
-0.0327585
-0.057603
-0.073328
-0.069983
-0.0580801
-0.0454111
-0.0344967
-0.0252031
-0.0175111
-0.011139
-0.00564722
0.00260191
-0.0035115
-0.00306572
-0.00562414
-0.00889264
-0.0128702
-0.0178602
-0.0241654
-0.0322834
-0.042099
-0.0514626
-0.04921
-0.0321908
0.00245187
-0.0053979
-0.00932111
-0.0119013
-0.0126372
-0.0118256
-0.0100781
-0.00794947
-0.00578587
-0.00375987
-0.0019699
-0.0003528
-0.0005711
-0.00204692
-0.00368184
-0.00548912
-0.00716187
-0.00843691
-0.00898138
-0.00853957
-0.00717318
-0.00510956
-0.00288394
-0.00324743
0.00053262
-0.111438
-0.0990254
-0.0763738
-0.0561358
-0.0412302
-0.0302577
-0.0217111
-0.0149361
-0.00944541
-0.00492202
-0.00419879
0.00262374
-0.00291802
-0.00619993
-0.00984112
-0.0143115
-0.0200179
-0.0274933
-0.0378404
-0.0525183
-0.0731947
-0.0938561
9.242e-05
-0.00405834
-0.00466239
-0.00805858
-0.0105417
-0.0114996
-0.0110359
-0.00959282
-0.00767083
-0.00563461
-0.00368832
-0.00188615
-0.00032807
-0.00011156
-0.00178948
-0.00362917
-0.00545482
-0.00719227
-0.00859598
-0.00931956
-0.00903217
-0.00771906
-0.00557774
-0.00293278
0.00234734
-0.39709
-0.198702
-0.115286
-0.075039
-0.051548
-0.0367269
-0.02651
-0.0188775
-0.0129348
-0.00814946
-0.00409477
0.00231735
-0.0040324
-0.00375322
-0.00694765
-0.0110222
-0.0160799
-0.0225968
-0.0313322
-0.043992
-0.0639587
-0.0996802
-0.179758
-0.390073
0.00218842
-0.00396951
-0.00708078
-0.00945596
-0.0105656
-0.0103812
-0.00919924
-0.00745822
-0.00553066
-0.0036312
-0.00191398
-0.0003749
-0.0005904
-0.00199995
-0.00361893
-0.0054622
-0.00727528
-0.00881967
-0.00974149
-0.00963409
-0.00839082
-0.00614533
-0.0035161
-0.00373924
-0.452233
-0.186428
-0.105542
-0.0666809
-0.0455622
-0.0323659
-0.0232959
-0.0165824
-0.0113615
-0.00715812
-0.00372534
-0.00352075
0.00296423
-0.00373041
-0.00787332
-0.0125061
-0.0182577
-0.025655
-0.0356099
-0.0501314
-0.073475
-0.115442
-0.199249
-0.457579
-0.00339845
-0.0035568
-0.00631455
-0.00858183
-0.00979757
-0.00984123
-0.00888634
-0.00730556
-0.00547055
-0.00362011
-0.00185935
-0.00029241
-7.699e-05
-0.00177204
-0.00362447
-0.0055116
-0.00741314
-0.00911382
-0.010259
-0.0103666
-0.00921956
-0.00687595
-0.00369748
0.00265332
-0.047755
-0.105876
-0.0796789
-0.0553592
-0.0393385
-0.0284061
-0.0205862
-0.01472
-0.0101122
-0.00637091
-0.00319062
0.0021034
-0.00482483
-0.00487703
-0.00909312
-0.0143885
-0.0209458
-0.0292273
-0.0401128
-0.0551926
-0.0768252
-0.104838
-0.126496
-0.0496471
0.00198877
-0.00312812
-0.00570596
-0.00787417
-0.00916619
-0.00940003
-0.00864565
-0.00720858
-0.00545279
-0.00362137
-0.00192133
-0.00040854
-0.00062481
-0.00201732
-0.00367247
-0.00560435
-0.0076097
-0.00948631
-0.0108871
-0.0112571
-0.0102474
-0.0077864
-0.00454322
-0.00448909
-0.0297463
-0.0579271
-0.0562093
-0.0445285
-0.0335997
-0.0249491
-0.0183221
-0.0132036
-0.00911095
-0.00575624
-0.00300172
-0.00307735
0.00345587
-0.00511383
-0.0106638
-0.0168038
-0.0242617
-0.033292
-0.0444293
-0.0578938
-0.0721574
-0.0796064
-0.0676655
-0.0291754
-0.00296738
-0.00288316
-0.00521907
-0.00729921
-0.00864886
-0.00904503
-0.00847087
-0.00716465
-0.00547657
-0.0036684
-0.0018943
-0.00026674
-4.883e-05
-0.00181513
-0.00373765
-0.00574341
-0.00787053
-0.00994745
-0.0116448
-0.0123409
-0.0115315
-0.00897789
-0.00498335
0.00309384
0.0027353
-0.0328826
-0.0398192
-0.0355963
-0.0286501
-0.0220007
-0.0164377
-0.0119642
-0.00830315
-0.00525492
-0.00263077
0.00194415
-0.00610936
-0.00685229
-0.012796
-0.0199368
-0.0283253
-0.0377188
-0.0479495
-0.0573807
-0.062134
-0.0567175
-0.0381286
0.00225301
0.00183945
-0.00260369
-0.0048276
-0.00683206
-0.00822801
-0.00876649
-0.0083575
-0.00717256
-0.00554286
-0.00372914
-0.00199284
-0.00045648
-0.00067717
-0.00210122
-0.00384937
-0.00593293
-0.00820331
-0.0105105
-0.0125559
-0.0136636
-0.0131506
-0.0105191
-0.00632938
-0.00570867
-0.0136539
-0.0220573
-0.0291303
-0.0286752
-0.0245326
-0.0195193
-0.0148713
-0.0109477
-0.00764785
-0.00486115
-0.00254378
-0.00277769
0.00420228
-0.00769921
-0.0156828
-0.0240419
-0.0332227
-0.0422056
-0.0499883
-0.0538147
-0.05086
-0.0404375
-0.0244664
-0.0133279
-0.00267627
-0.0024553
-0.00451183
-0.00645369
-0.0078901
-0.00855699
-0.00830267
-0.00723255
-0.00565337
-0.00383944
-0.00199584
-0.00024925
-2.508e-05
-0.00192477
-0.00398361
-0.0061792
-0.00861823
-0.0111923
-0.0136501
-0.0152838
-0.0152137
-0.0126007
-0.00734166
0.00376046
0.00452572
-0.0146878
-0.0220404
-0.0234267
-0.0211684
-0.0174451
-0.0135688
-0.010112
-0.00711543
-0.00453459
-0.00227338
0.00182705
-0.00842775
-0.0107503
-0.0197819
-0.0294492
-0.0389253
-0.046239
-0.05005
-0.0482621
-0.0408222
-0.0296438
-0.016381
0.00424193
0.00172922
-0.00226838
-0.00425886
-0.00615003
-0.00762475
-0.00841109
-0.00830501
-0.00734624
-0.00581174
-0.00396869
-0.00213832
-0.00052393
-0.00075308
-0.00226313
-0.00417356
-0.00649033
-0.00912858
-0.012014
-0.0149637
-0.0172757
-0.0178726
-0.0154293
-0.00979345
-0.00792009
-0.00889745
-0.0114664
-0.0172624
-0.0194529
-0.0184393
-0.0157164
-0.0124854
-0.00942474
-0.0066829
-0.00428134
-0.00224975
-0.00257434
0.00543063
-0.0132983
-0.0256765
-0.0365414
-0.0451516
-0.0491446
-0.0480943
-0.0420052
-0.0327614
-0.0224417
-0.0122857
-0.0086698
-0.00247877
-0.00218083
-0.00405671
-0.00591021
-0.00742413
-0.00832508
-0.00836457
-0.00751675
-0.00602265
-0.00415635
-0.00217858
-0.00023921
-4.43e-06
-0.00211712
-0.00439702
-0.0068776
-0.00975159
-0.0130022
-0.0165413
-0.0197321
-0.0213378
-0.019435
-0.0123087
0.00485214
0.00423711
-0.00832924
-0.0138925
-0.0164234
-0.0162279
-0.0142769
-0.0115841
-0.0088605
-0.00633371
-0.00407048
-0.00204624
0.00174353
-0.0134836
-0.0200245
-0.0344941
-0.0456097
-0.051203
-0.050286
-0.0445744
-0.035983
-0.0265592
-0.0175552
-0.00907485
0.00403236
0.0016503
-0.00205647
-0.00389965
-0.00572633
-0.00728252
-0.00829679
-0.0084828
-0.0077489
-0.00629331
-0.00437368
-0.00237937
-0.00061929
-0.00086172
-0.00252728
-0.00469312
-0.00735552
-0.0105095
-0.0141901
-0.0184352
-0.0227635
-0.0258943
-0.0252245
-0.0178073
-0.0127729
-0.00668164
-0.00715582
-0.0114879
-0.0140879
-0.0144323
-0.013078
-0.0108353
-0.00839975
-0.00605462
-0.0039142
-0.00206618
-0.00244078
0.00772333
-0.0287793
-0.0477627
-0.056448
-0.0559269
-0.049361
-0.0401966
-0.0306676
-0.0218489
-0.0141181
-0.00749767
-0.00650501
-0.00234897
-0.00201093
-0.00377963
-0.00559238
-0.00719598
-0.00832552
-0.00866268
-0.0080494
-0.00663271
-0.00466595
-0.00247167
-0.00023664
1.413e-05
-0.00242379
-0.00504315
-0.00794378
-0.011431
-0.0156184
-0.0207052
-0.0264907
-0.0319039
-0.0339133
-0.0254898
0.00686795
0.00380347
-0.00546077
-0.00968922
-0.012267
-0.0129691
-0.0120795
-0.0102153
-0.00802735
-0.00583641
-0.00378667
-0.00191085
0.00168767
-0.0298667
-0.0503261
-0.0673864
-0.0675402
-0.0580557
-0.046583
-0.0356164
-0.0261932
-0.0182665
-0.0116525
-0.00586152
0.00364087
0.00159722
-0.00193286
-0.00369528
-0.00550434
-0.00716214
-0.00841197
-0.00890879
-0.0084273
-0.00705351
-0.00500779
-0.0027569
-0.00075753
-0.00101948
-0.00293915
-0.0054963
-0.00866813
-0.012553
-0.0173365
-0.0234133
-0.0310193
-0.039748
-0.0471641
-0.0429816
-0.0286305
-0.00542947
-0.00501704
-0.0083484
-0.0108305
-0.0117722
-0.0112484
-0.00970505
-0.00773165
-0.00567146
-0.00370365
-0.00196442
-0.00236217
0.011622
-0.0924705
-0.0926727
-0.0754153
-0.0569107
-0.0425684
-0.0312755
-0.0225176
-0.0155194
-0.00982109
-0.00517515
-0.00528336
-0.00227243
-0.00191949
-0.00364072
-0.00545944
-0.00718009
-0.00855828
-0.00922756
-0.00889447
-0.00757179
-0.00545436
-0.00292955
-0.00024318
3.074e-05
-0.00290391
-0.00604144
-0.00956363
-0.0139233
-0.0194026
-0.0266128
-0.0363813
-0.0496021
-0.0670862
-0.078091
0.00998495
0.00343754
-0.00394833
-0.00729867
-0.00968646
-0.0107901
-0.0105581
-0.00928969
-0.00750378
-0.005555
-0.00364221
-0.00184694
0.00165587
-0.268157
-0.180731
-0.113316
-0.0761449
-0.0528778
-0.0380299
-0.0273969
-0.0195309
-0.0133901
-0.00844556
-0.00419415
0.00330069
0.00156662
-0.00187931
-0.00361763
-0.00545647
-0.00725031
-0.00876816
-0.00962756
-0.00946634
-0.00820957
-0.0059876
-0.00334757
-0.00096561
-0.00125572
-0.00358424
-0.00674629
-0.0106772
-0.0156029
-0.0218813
-0.0303266
-0.0424236
-0.0608508
-0.0931784
-0.158572
-0.261518
-0.00464555
-0.00381702
-0.00649361
-0.00876711
-0.00998246
-0.00998743
-0.0089575
-0.00733715
-0.00548304
-0.00362065
-0.00193011
-0.00233051
-0.529469
-0.20194
-0.110359
-0.0692235
-0.0471198
-0.0335276
-0.0240502
-0.0171117
-0.011721
-0.00738016
-0.00389147
-0.00451928
-0.0022413
-0.00189378
-0.0036215
-0.00549523
-0.00737471
-0.00904702
-0.0101199
-0.0101629
-0.00899554
-0.00668084
-0.00365652
-0.00026234
4.497e-05
-0.00367179
-0.00761746
-0.0120736
-0.0176697
-0.024837
-0.034508
-0.0486489
-0.0711858
-0.113753
-0.20648
-0.531467
0.00315519
-0.00306827
-0.00584167
-0.00802409
-0.00931827
-0.00951938
-0.00869943
-0.00722709
-0.00545386
-0.00361784
-0.00184565
0.00164592
-0.11412
-0.12405
-0.0864109
-0.0582421
-0.040869
-0.0293923
-0.0212193
-0.0151501
-0.0103987
-0.00655361
-0.00323355
0.00303529
0.00155637
-0.00188841
-0.00365657
-0.00557698
-0.0075567
-0.00940224
-0.0107187
-0.0110097
-0.00996901
-0.00753315
-0.00430267
-0.00129746
-0.00162868
-0.00463283
-0.00876032
-0.0138417
-0.0202198
-0.0283175
-0.0389847
-0.0540998
-0.0765882
-0.109728
-0.14654
-0.118731
-0.00412649
-0.00308941
-0.00533461
-0.00742073
-0.00877334
-0.00914063
-0.00850866
-0.00717058
-0.00546618
-0.0036544
-0.00195869
-0.00234294
-0.0238435
-0.0672247
-0.061417
-0.0470829
-0.0349665
-0.0257649
-0.01885
-0.0135543
-0.0093413
-0.00589439
-0.00312078
-0.0040137
-0.00225279
-0.00193043
-0.00371947
-0.00570408
-0.00780144
-0.0098435
-0.011442
-0.0120402
-0.0111826
-0.00865466
-0.00486703
-0.00030268
5.392e-05
-0.00496603
-0.0102255
-0.0161059
-0.0233671
-0.0323229
-0.0433982
-0.057501
-0.0741461
-0.0861138
-0.0789129
-0.0223008
0.00294438
-0.00252395
-0.00491422
-0.00693063
-0.00832896
-0.00884074
-0.00838027
-0.00716608
-0.00552078
-0.00371043
-0.00190676
0.00165705
-0.00453259
-0.0372591
-0.0432929
-0.0376327
-0.0298082
-0.0226674
-0.0168767
-0.0122513
-0.0084894
-0.00537272
-0.0026426
0.00283608
0.00156571
-0.00196126
-0.0038171
-0.00588053
-0.00811604
-0.0103833
-0.0123123
-0.013297
-0.0127092
-0.0100873
-0.00594905
-0.00187165
-0.00226524
-0.00645824
-0.0122044
-0.019039
-0.0272335
-0.0367522
-0.0471824
-0.0578208
-0.065228
-0.0618404
-0.0435866
-0.00568858
-0.00377446
-0.00262804
-0.00458779
-0.00653314
-0.00797067
-0.00861171
-0.00831099
-0.00721348
-0.00561886
-0.00380925
-0.00205403
-0.0024007
-0.0102681
-0.0244123
-0.0313995
-0.0302327
-0.0254872
-0.0200617
-0.0152362
-0.0111834
-0.00779916
-0.00494932
-0.00263485
-0.00367105
-0.00230803
-0.00203449
-0.00394746
-0.00611189
-0.00851004
-0.0110374
-0.0133575
-0.0148354
-0.0146488
-0.0120253
-0.00705396
-0.00038406
4.906e-05
-0.00734683
-0.0148655
-0.0228813
-0.0319187
-0.0413326
-0.0496508
-0.0549438
-0.0539004
-0.043909
-0.0271108
-0.00944659
0.00279202
-0.00217697
-0.0043137
-0.0062135
-0.00768734
-0.00844761
-0.00829909
-0.00731404
-0.00576384
-0.00393211
-0.00203868
0.00168942
0.00122856
-0.0159499
-0.0235507
-0.0246045
-0.0219451
-0.0178865
-0.0138723
-0.0103059
-0.00723837
-0.00461205
-0.00226621
0.00269175
0.00159461
-0.00210789
-0.0041208
-0.00640592
-0.00899589
-0.0118259
-0.0146125
-0.0167258
-0.0171418
-0.0146263
-0.0090958
-0.00299616
-0.0034916
-0.0100041
-0.0186209
-0.0279527
-0.0374336
-0.0455635
-0.0502314
-0.0497633
-0.0433054
-0.0319478
-0.0179714
0.00054315
0
1
2
3
4
5
6
7
8
9
10
11
12
13
14
15
16
17
18
19
20
21
22
23
24
25
26
27
28
29
30
31
32
33
34
35
36
37
38
39
40
41
42
43
44
45
46
47
48
49
50
51
52
53
54
55
56
57
58
59
60
61
62
63
Process 1 ended Solve_Interfaces_MC
64
65
66
67
68
69
70
71
72
73
74
75
76
77
78
79
80
81
82
83
84
85
86
87
88
89
90
91
92
93
94
95
96
97
98
99
100
101
102
103
104
105
106
107
108
109
110
111
112
113
114
115
116
117
118
119
120
121
122
123
124
125
126
127
128
129
130
131
132
133
134
135
Process 0 ended Solve_Interfaces_MC
0
1
2
3
4
5
6
7
8
9
10
11
12
13
14
15
16
17
18
19
20
21
22
23
24
25
26
27
28
29
30
31
32
33
34
35
36
37
38
39
40
41
42
43
44
45
46
47
48
49
50
51
52
53
54
55
56
